# Prelude: analysis results
#	#nodes         :   50
#	  #anchors     :   10 (20%)
#	  #undetermined:    1 ( 2%)
#	  #unknowns    :   39 (78%), connectivity: 7.46 +/- 2.22
#	  #bad unknowns:    0 ( 0%)

# nr-dimensions grid-bound radio-range
2 10000 2400

# nr-nodes nr-anchors
50 10

# positions: 'nr-nodes' lines with <ID> <x-coord> <y-coord> [<z-coord>]
0 6942 1579
1 1207.73 1662.53
2 8999 4304
3 7937 6791
4 8233 9893
5 4030 1496
6 2712 6470
7 314.01 8908.19
8 9027 1285
9 5410 6212
10 8714 9049
11 7284 9802
12 6477 4927
13 6038.65 6476.43
14 4368 7804
15 9400 7884
16 5451 2032
17 110 6693
18 5053 4920
19 2874 7518
20 7024 2593
21 3068 1321
22 327 7796
23 9207 5978
24 4788 6258
25 5552 8265
26 647 3229
27 5182 3987
28 9697 8592
29 7826 9486
30 3164.25 8883.38
31 6960 455
32 2125.6 8436.72
33 4251.21 2332.51
34 1810 4133
35 8142 8285
36 7608.7 3970.22
37 1751 6234
38 3110 3220
39 3374 6119
40 5937 9219
41 869.565 4987.59
42 4372 4543
43 3686 991
44 2898.55 4292.8
45 2536.23 4665.01
46 2487.92 1935.48
47 9551 2458 # UNDETERMINED (nghbrs: 2 ok)
48 7734 6703
49 958 8461

# connections: src dst dist-estimate
0 8 2105.63
0 16 1558.3
0 20 1017.31
0 31 1124.14
1 21 1891.36
1 26 1663.8
1 46 1308.97
2 23 1686.87
2 36 1429.81
2 47 1926.76
3 10 2387.95
3 12 2367.72
3 13 1924.24
3 15 1826.2
3 23 1507.94
3 35 1508
3 48 221.253
4 10 971.441
4 11 953.353
4 15 2323.35
4 28 1958.54
4 29 575.585
4 35 1610.57
4 40 2392.88
5 16 1518.73
5 21 977.788
5 33 865.26
5 38 1954.12
5 43 611.033
5 46 1603.48
6 14 2126.47
6 19 1060.45
6 24 2086.8
6 32 2052.28
6 37 989.554
6 39 749.296
6 41 2364.76
6 44 2185.17
6 45 1813.53
7 17 2224.56
7 22 1112.26
7 32 1871.94
7 49 784.029
8 0 2105.63
8 20 2392.25
8 31 2227.42
8 47 1284.72
9 12 1670.24
9 13 681.996
9 14 1902.69
9 18 1340.42
9 24 623.699
9 25 2057.91
9 27 2236.65
9 39 2038.12
9 42 1965.45
9 48 2375.3
10 3 2387.95
10 4 971.441
10 11 1616.14
10 15 1351.97
10 28 1084.04
10 29 989.703
10 35 954.4
11 4 953.353
11 10 1616.14
11 25 2315.64
11 29 627.391
11 35 1742.83
11 40 1467.75
12 3 2367.72
12 9 1670.24
12 13 1610.24
12 18 1424.02
12 20 2397.24
12 24 2150.41
12 27 1600.2
12 36 1481.94
12 42 2139.74
12 48 2175.83
13 3 1924.24
13 9 681.996
13 12 1610.24
13 14 2133.9
13 18 1842.27
13 24 1269.58
13 25 1853.6
13 48 1710.43
14 6 2126.47
14 9 1902.69
14 13 2133.9
14 19 1521.13
14 24 1602.03
14 25 1270.58
14 30 1616.81
14 32 2329.95
14 39 1956.34
14 40 2112.81
15 3 1826.2
15 4 2323.35
15 10 1351.97
15 23 1915.75
15 28 767.771
15 29 2245.86
15 35 1320.37
15 48 2042.14
16 0 1558.3
16 5 1518.73
16 20 1670.04
16 27 1973.42
16 31 2182.66
16 33 1236.85
16 43 2049.12
17 7 2224.56
17 22 1124.14
17 37 1703.98
17 41 1866.91
17 49 1960.85
18 9 1340.42
18 12 1424.02
18 13 1842.27
18 24 1363.99
18 27 941.876
18 39 2063.16
18 42 778.389
18 44 2243.89
19 6 1060.45
19 14 1521.13
19 24 2291.51
19 30 1395.88
19 32 1184.97
19 37 1705.81
19 39 1485.67
19 49 2135.49
20 0 1017.31
20 8 2392.25
20 12 2397.24
20 16 1670.04
20 27 2310.02
20 31 2138.96
20 36 1496.2
21 1 1891.36
21 5 977.788
21 33 1556.64
21 38 1899.46
21 43 700.588
21 46 845.033
22 7 1112.26
22 17 1124.14
22 32 1909.32
22 37 2113.67
22 49 916.726
23 2 1686.87
23 3 1507.94
23 15 1915.75
23 48 1641.75
24 6 2086.8
24 9 623.699
24 12 2150.41
24 13 1269.58
24 14 1602.03
24 18 1363.99
24 19 2291.51
24 25 2147.5
24 27 2304.92
24 39 1420.82
24 42 1764.73
25 9 2057.91
25 11 2315.64
25 13 1853.6
25 14 1270.58
25 24 2147.5
25 40 1028.76
26 1 1663.8
26 34 1473.02
26 41 1772.62
26 45 2373.04
26 46 2249.93
27 9 2236.65
27 12 1600.2
27 16 1973.42
27 18 941.876
27 20 2310.02
27 24 2304.92
27 33 1898.35
27 38 2209.41
27 42 982.464
27 44 2303.84
28 4 1958.54
28 10 1084.04
28 15 767.771
28 29 2073.61
28 35 1585.02
29 4 575.585
29 10 989.703
29 11 627.391
29 15 2245.86
29 28 2073.61
29 35 1241.88
29 40 1907.78
30 14 1616.81
30 19 1395.88
30 32 1130.61
30 49 2246.32
31 0 1124.14
31 8 2227.42
31 16 2182.66
31 20 2138.96
32 6 2052.28
32 7 1871.94
32 14 2329.95
32 19 1184.97
32 22 1909.32
32 30 1130.61
32 37 2234.35
32 49 1167.86
33 5 865.26
33 16 1236.85
33 21 1556.64
33 27 1898.35
33 38 1445.68
33 42 2213.79
33 43 1455.71
33 44 2381.69
33 46 1807.43
34 26 1473.02
34 37 2101.83
34 38 1588.57
34 41 1270.73
34 44 1100.22
34 45 900.25
34 46 2299.71
35 3 1508
35 4 1610.57
35 10 954.4
35 11 1742.83
35 15 1320.37
35 28 1585.02
35 29 1241.88
35 40 2394.66
35 48 1633.77
36 2 1429.81
36 12 1481.94
36 20 1496.2
37 6 989.554
37 17 1703.98
37 19 1705.81
37 22 2113.67
37 32 2234.35
37 34 2101.83
37 39 1627.07
37 41 1526.58
37 44 2255.02
37 45 1754.51
37 49 2363.98
38 5 1954.12
38 21 1899.46
38 27 2209.41
38 33 1445.68
38 34 1588.57
38 42 1828.38
38 43 2302.22
38 44 1093.44
38 45 1554.76
38 46 1427.22
39 6 749.296
39 9 2038.12
39 14 1956.34
39 18 2063.16
39 19 1485.67
39 24 1420.82
39 37 1627.07
39 42 1865.42
39 44 1887.07
39 45 1678.07
40 4 2392.88
40 11 1467.75
40 14 2112.81
40 25 1028.76
40 29 1907.78
40 35 2394.66
41 6 2364.76
41 17 1866.91
41 26 1772.62
41 34 1270.73
41 37 1526.58
41 44 2144.65
41 45 1697.6
42 9 1965.45
42 12 2139.74
42 18 778.389
42 24 1764.73
42 27 982.464
42 33 2213.79
42 38 1828.38
42 39 1865.42
42 44 1494.54
42 45 1839.82
43 5 611.033
43 16 2049.12
43 21 700.588
43 33 1455.71
43 38 2302.22
43 46 1525.59
44 6 2185.17
44 18 2243.89
44 27 2303.84
44 33 2381.69
44 34 1100.22
44 37 2255.02
44 38 1093.44
44 39 1887.07
44 41 2144.65
44 42 1494.54
44 45 519.436
44 46 2392.82
45 6 1813.53
45 26 2373.04
45 34 900.25
45 37 1754.51
45 38 1554.76
45 39 1678.07
45 41 1697.6
45 42 1839.82
45 44 519.436
46 1 1308.97
46 5 1603.48
46 21 845.033
46 26 2249.93
46 33 1807.43
46 34 2299.71
46 38 1427.22
46 43 1525.59
46 44 2392.82
47 2 1926.76
47 8 1284.72
48 3 221.253
48 9 2375.3
48 12 2175.83
48 13 1710.43
48 15 2042.14
48 23 1641.75
48 35 1633.77
49 7 784.029
49 17 1960.85
49 19 2135.49
49 22 916.726
49 30 2246.32
49 32 1167.86
49 37 2363.98
